Re: -1.292361111111111086969539006
Im: -0.437152777777777693088336747
Zoom: 256
Iterations: 750
IterDiv: 0.020000
SmoothMethod: 0
ColorMethod: 7
Differences: 2
ColorOffset: 0
Rotate: 0.000000
Ratio: 360.000000
Colors: 0,0,0,96,49,30,36,110,234,255,255,255,
Smooth: 1
MultiColor: 0
BlendMC: 0
MultiColors: 
Power: 2
FractalType: 0
Slopes: 0
SlopePower: 50
SlopeRatio: 50
SlopeAngle: 45
imag: 1
real: 1
SeedR: 0
SeedI: 0
FactorAR: 1
FactorAI: 0
