Re: 0.00000000000000000000000
Im: 0.00000000000000000000000
Zoom: 1
Iterations: 750
IterDiv: 0.025000
SmoothMethod: 0
ColorMethod: 7
Differences: 2
ColorOffset: 0
Rotate: 0.000000
Ratio: 360.000000
Colors: 0,0,0,255,128,0,160,0,0,255,255,255,0,0,255,
Smooth: 1
MultiColor: 0
BlendMC: 0
MultiColors: 
Power: 2
FractalType: 0
Slopes: 0
SlopePower: 50
SlopeRatio: 50
SlopeAngle: 45
imag: 1
real: 1
SeedR: 0
SeedI: 0
FactorAR: 1
FactorAI: 0
