Re: 0
Im: 0
Zoom: 1
Iterations: 4042
IterDiv: 1.000000
SmoothMethod: 0
ColorMethod: 0
ColorOffset: 0
Rotate: 0.000000
Ratio: 360.000000
Colors: 0,0,0,127,127,127,127,0,127,127,0,0,127,127,0,0,127,0,0,127,127,0,0,127,17,17,17,143,143,143,150,48,150,157,62,62,163,163,75,87,169,87,98,175,175,108,108,180,127,127,127,255,255,255,255,127,255,255,127,127,255,255,127,127,255,127,127,255,255,127,127,255,135,118,135,255,220,255,255,101,255,255,93,157,255,175,163,169,162,169,175,150,255,180,67,255,127,0,127,255,127,255,255,0,255,255,0,127,255,127,127,127,127,127,127,127,255,127,0,255,135,0,118,255,109,220,255,0,204,255,0,93,255,86,86,169,79,79,175,73,150,180,0,139,127,0,0,255,127,127,255,0,127,255,0,0,255,127,0,127,127,0,127,127,127,127,0,127,135,17,0,255,143,109,255,48,101,255,62,0,255,163,0,169,169,0,175,175,73,180,108,67,127,127,0,255,255,127,255,127,127,255,127,0,255,255,0,127,255,0,127,255,127,127,127,127,118,135,0,220,255,109,204,150,101,189,157,0,175,255,0,79,255,0,73,255,73,67,180,67,0,127,0,127,255,127,127,127,127,127,127,0,127,255,0,0,255,0,0,255,127,0,127,127,0,135,17,109,255,143,101,150,150,93,157,62,86,255,75,0,255,87,0,255,175,0,180,180,0,127,127,127,255,255,127,127,255,127,127,127,127,255,127,0,255,127,0,255,255,0,127,255,0,118,135,109,220,255,101,101,255,93,93,157,86,175,163,0,162,169,0,150,255,0,67,255,0,0,127,127,127,255,127,0,255,127,0,127,127,127,127,0,127,127,0,127,255,0,0,255,0,0,116,106,106,215,97,0,197,89,0,89,81,81,81,0,74,74,0,68,139,0,0,127,
Smooth: 1
MultiColor: 0
BlendMC: 0
MultiColors: 
Power: 2
FractalType: 0
Slopes: 0
SlopePower: 50
SlopeRatio: 50
SlopeAngle: 45
imag: 1
real: 1
SeedR: 0
SeedI: 0
FactorAR: 1
FactorAI: 0
