Re: 0.063888883473350312703217
Im: 0.173958332678009392460375
Zoom: 1
Iterations: 1250
IterDiv: 2.000000
SmoothMethod: 0
ColorMethod: 0
ColorOffset: 0
Rotate: 4.712389
Ratio: 360.000000
Colors: 0,0,0,63,100,177,0,0,0,88,109,171,0,0,0,103,117,137,0,0,0,138,131,117,0,0,0,128,128,128,0,0,0,151,148,136,0,0,0,157,157,157,0,0,0,181,143,140,0,0,0,192,128,128,0,0,0,204,117,117,0,0,0,226,124,95,0,0,0,233,117,67,0,0,0,200,91,26,0,0,0,183,105,34,0,0,0,190,120,35,0,0,0,163,118,78,0,0,0,133,128,80,0,0,0,90,139,138,0,0,0,61,134,188,0,0,0,41,108,209,0,0,0,52,96,199,0,0,0,49,82,196,0,0,0,43,69,162,0,0,0,48,75,156,0,0,0,27,48,122,0,0,0,29,77,78,0,0,0,0,70,70,0,0,0,52,94,107,0,0,0,89,128,170,0,0,0,106,126,157,0,0,0,139,84,103,0,0,0,95,33,71,0,0,0,117,80,30,0,0,0,67,89,36,0,0,0,0,128,128,0,0,0,40,142,255,0,0,0,0,171,244,0,0,0,0,217,255,0,0,0,0,244,171,0,0,0,203,203,182,0,0,0,192,192,192,0,0,0,188,175,165,0,0,0,177,143,147,0,0,0,187,119,131,0,0,0,142,36,121,0,0,0,148,0,204,0,0,0,61,28,191,0,0,0,48,72,207,0,0,0,0,128,255,0,0,0,6,115,162,0,0,0,10,188,125,0,0,0,0,187,89,0,0,0,103,171,84,0,0,0,148,158,75,0,0,0,172,150,47,0,0,0,155,120,47,0,0,0,158,149,33,0,0,0,99,129,50,0,0,0,111,149,68,0,0,0,58,146,96,0,0,0,0,159,159,0,0,0,0,190,196,0,0,0,20,163,199,0,0,0,35,126,218,0,0,0,36,101,208,0,0,0,95,125,197,0,0,0,102,106,185,0,0,0,130,98,136,0,0,0,171,126,153,0,0,0,153,138,146,0,0,0,128,128,128,0,0,0,94,100,123,0,0,0,61,90,131,0,0,0,39,71,180,0,0,0,14,68,180,0,0,0,19,74,136,0,0,0,63,102,129,0,0,0,104,138,115,0,0,0,113,128,91,0,0,0,156,156,78,0,0,0,165,166,121,0,0,0,167,169,139,0,0,0,200,201,184,0,0,0,223,223,223,0,0,0,192,169,180,0,0,0,192,128,128,0,0,0,255,79,79,0,0,0,190,75,27,0,0,0,163,117,31,0,0,0,91,88,19,0,0,0,40,87,67,0,0,0,30,138,117,0,0,0,31,131,148,0,0,0,28,173,193,0,0,0,44,113,228,0,0,0,37,37,180,0,0,0,66,44,169,0,0,0,85,92,159,0,0,0,65,126,112,0,0,0,61,141,109,0,0,0,67,156,120,0,0,0,89,206,156,0,0,0,79,107,134,0,0,0,125,149,170,0,0,0,104,146,191,0,0,0,78,123,173,
Smooth: 1
MultiColor: 0
BlendMC: 0
MultiColors: 1571	0	0,522	0	1,315	0	2,
Power: 3
FractalType: 0
Slopes: 0
SlopePower: 50
SlopeRatio: 50
SlopeAngle: 45
imag: 1
real: 1
SeedR: 0
SeedI: 0
FactorAR: 3
FactorAI: 1.5
