Re: -1.24791666666666639498728805
Im: -0.40312499999999986511440772
Zoom: 6.3999999999999986E1
Iterations: 1000
IterDiv: 1.000000
SmoothMethod: 1
ColorMethod: 0
Differences: 0
ColorOffset: 0
Rotate: 0.000000
Ratio: 360.000000
Colors: 29,14,15,238,119,120,25,7,24,28,66,197,11,18,29,71,46,135,13,27,24,36,229,239,24,31,17,139,162,240,30,4,11,189,87,106,14,21,29,118,140,12,29,6,10,77,144,50,24,0,22,243,188,148,7,32,4,14,146,231,20,13,10,68,147,184,3,28,13,152,248,169,34,0,4,48,83,62,22,21,7,184,97,152,12,3,8,235,92,247,16,32,31,0,0,0,0,0,0,29,14,15,238,119,120,25,7,24,28,66,197,11,18,29,71,46,135,13,27,24,36,229,239,24,31,17,139,162,240,30,4,11,189,87,106,14,21,29,118,140,12,29,6,10,77,144,50,24,0,22,243,188,148,7,32,4,14,146,231,20,13,10,68,147,184,3,28,13,152,248,169,34,0,4,48,83,62,22,21,7,184,97,152,12,3,8,235,92,247,16,32,31,0,0,0,0,0,0,29,14,15,238,119,120,25,7,24,28,66,197,11,18,29,71,46,135,13,27,24,36,229,239,24,31,17,139,162,240,30,4,11,189,87,106,14,21,29,118,140,12,29,6,10,77,144,50,24,0,22,243,188,148,7,32,4,14,146,231,20,13,10,68,147,184,3,28,13,152,248,169,34,0,4,48,83,62,22,21,7,184,97,152,12,3,8,235,92,247,16,32,31,0,0,0,0,0,0,29,14,15,238,119,120,25,7,24,28,66,197,11,18,29,71,46,135,13,27,24,36,229,239,24,31,17,139,162,240,30,4,11,189,87,106,14,21,29,118,140,12,29,6,10,77,144,50,24,0,22,243,188,148,7,32,4,14,146,231,20,13,10,68,147,184,3,28,13,152,248,169,34,0,4,48,83,62,22,21,7,184,97,152,12,3,8,235,92,247,16,32,31,0,0,0,0,0,0,
InteriorColor: 0,0,0,
Smooth: 0
MultiColor: 0
BlendMC: 0
MultiColors: 4	0	2,8	0	1,300000	0	0,200000	0	1,375	0	2,100000	0	2,
Power: 2
FractalType: 0
Slopes: 0
SlopePower: 100
SlopeRatio: 50
SlopeAngle: 45
imag: 1
real: 1
SeedR: 0
SeedI: 0
FactorAR: 1
FactorAI: 0
Period: 0
