Re: 0.00000000000000000000000
Im: 0.00000000000000000000000
Zoom: 1
Iterations: 200
IterDiv: 1.000000
SmoothMethod: 0
ColorMethod: 0
Differences: 0
ColorOffset: 0
Rotate: 0.000000
Ratio: 360.000000
Colors: 0,0,0,84,0,0,168,0,0,42,126,0,105,168,0,63,63,105,105,0,168,63,52,168,105,136,168,116,116,116,189,84,84,147,189,84,189,252,84,147,147,189,189,84,252,147,189,252,189,252,252,94,94,94,12,12,12,28,28,28,40,40,40,52,52,52,64,64,64,76,76,76,90,90,90,106,106,106,122,122,122,138,138,138,154,154,154,172,172,172,192,192,192,215,215,215,242,242,242,252,94,94,252,0,40,252,0,102,252,0,164,252,0,228,212,0,252,148,0,252,86,0,252,24,0,252,0,40,252,0,102,252,0,164,252,0,228,252,0,252,212,0,252,148,0,252,86,0,252,24,40,252,0,102,252,0,164,252,0,228,252,0,252,212,0,252,148,0,252,86,0,252,102,78,252,124,144,252,124,176,252,124,208,252,124,240,232,124,252,200,124,252,168,124,252,136,124,252,124,144,252,124,176,252,124,208,252,124,240,252,124,252,232,124,252,200,124,252,168,124,252,136,144,252,124,176,252,124,208,252,124,240,252,124,252,232,124,252,200,124,252,168,124,252,171,159,252,180,190,252,180,208,252,180,226,252,180,244,240,180,252,222,180,252,204,180,252,186,180,252,180,190,252,180,208,252,180,226,252,180,244,252,180,252,240,180,252,222,180,252,204,180,252,186,190,252,180,208,252,180,226,252,180,244,252,180,252,240,180,252,222,180,252,204,180,164,74,68,112,0,18,112,0,46,112,0,74,112,0,102,94,0,112,66,0,112,38,0,112,10,0,112,0,18,112,0,46,112,0,74,112,0,102,112,0,112,94,0,112,66,0,112,38,0,112,10,18,112,0,46,112,0,74,112,0,102,112,0,112,94,0,112,66,0,112,38,0,112,46,35,112,56,64,112,56,78,112,56,92,112,56,106,102,56,112,88,56,112,74,56,112,60,56,112,56,64,112,56,78,112,56,92,112,56,106,112,56,112,102,56,112,88,56,112,74,56,112,60,64,112,56,78,112,56,92,112,56,106,112,56,112,102,56,112,88,56,112,74,56,112,76,71,112,80,85,112,80,93,112,80,101,112,80,109,107,80,112,99,80,112,91,80,112,83,80,112,80,85,112,80,93,112,80,101,112,80,109,112,80,112,107,80,112,99,80,112,91,80,112,83,85,112,80,93,112,80,101,112,80,109,112,80,112,107,80,112,99,80,112,91,80,82,33,30,64,0,10,64,0,26,64,0,42,64,0,58,54,0,64,38,0,64,22,0,64,6,0,64,0,10,64,0,26,64,0,42,64,0,58,64,0,64,54,0,64,38,0,64,22,0,64,6,10,64,0,26,64,0,42,64,0,58,64,0,64,54,0,64,38,0,64,22,0,64,26,20,64,32,37,64,32,45,64,32,53,64,32,61,59,32,64,51,32,64,43,32,64,35,32,64,32,37,64,32,45,64,32,53,64,32,61,64,32,64,59,32,64,51,32,64,43,32,64,35,37,64,32,45,64,32,53,64,32,61,64,32,64,59,32,64,51,32,64,43,32,64,42,40,64,44,46,64,44,50,64,44,57,64,44,62,62,44,64,55,44,64,50,44,64,46,44,64,44,46,64,44,50,64,44,57,64,44,62,64,44,64,62,44,64,55,44,64,50,44,64,46,46,64,44,50,64,44,57,64,44,62,64,44,64,62,44,64,55,44,64,50,44,24,18,16,0,0,0,0,0,0,0,0,0,0,0,0,0,0,0,0,0,0,0,0,0,
Smooth: 1
MultiColor: 0
BlendMC: 0
MultiColors: 
Power: 2
FractalType: 0
Slopes: 0
SlopePower: 50
SlopeRatio: 50
SlopeAngle: 45
imag: 1
real: 1
SeedR: 0
SeedI: 0
FactorAR: 1
FactorAI: 0
