Re: 0.00000000000000000000000
Im: 0.00000000000000000000000
Zoom: 1
Iterations: 200
IterDiv: 1.000000
SmoothMethod: 0
ColorMethod: 0
Differences: 0
ColorOffset: 0
Rotate: 0.000000
Ratio: 360.000000
Colors: 0,0,0,94,0,0,188,0,0,47,141,0,0,188,118,0,70,188,118,0,188,188,118,70,190,190,120,192,210,192,222,208,174,90,75,142,0,80,48,0,128,80,80,48,48,128,0,80,128,80,48,86,106,38,60,92,80,60,92,112,60,92,144,60,92,176,60,92,208,60,92,240,60,112,132,60,124,80,60,124,112,60,124,144,60,124,176,60,124,208,60,124,240,60,144,132,60,156,80,60,156,112,60,156,144,60,156,176,60,156,208,60,156,240,60,176,132,60,188,80,60,188,112,60,188,144,60,188,176,60,188,208,60,188,240,60,208,132,60,220,80,60,220,112,60,220,144,60,220,176,60,220,208,60,220,240,60,240,132,60,252,80,60,252,112,60,252,144,60,252,176,60,252,208,60,252,240,80,132,132,92,60,80,92,60,112,92,60,144,92,60,176,92,60,208,92,60,240,92,80,132,92,92,80,92,92,112,92,92,144,92,92,176,92,92,208,92,92,240,92,112,132,92,124,80,92,124,112,92,124,144,92,124,176,92,124,208,92,124,240,92,144,132,92,156,80,92,156,112,92,156,144,92,156,176,92,156,208,92,156,240,92,176,132,92,188,80,92,188,112,92,188,144,92,188,176,92,188,208,92,188,240,92,208,132,92,220,80,92,220,112,92,220,144,92,220,176,92,220,208,92,220,240,92,240,132,92,252,80,92,252,112,92,252,144,92,252,176,92,252,208,92,252,240,112,132,132,124,60,80,124,60,112,124,60,144,124,60,176,124,60,208,124,60,240,124,80,132,124,92,80,124,92,112,124,92,144,124,92,176,124,92,208,124,92,240,124,112,132,124,124,80,124,124,112,124,124,144,124,124,176,124,124,208,124,124,240,124,144,132,124,156,80,124,156,112,124,156,144,124,156,176,124,156,208,124,156,240,124,176,132,124,188,80,124,188,112,124,188,144,124,188,176,124,188,208,124,188,240,124,208,132,124,220,80,124,220,112,124,220,144,124,220,176,124,220,208,124,220,240,124,240,132,124,252,80,124,252,112,124,252,144,124,252,176,124,252,208,124,252,240,144,132,132,156,60,80,156,60,112,156,60,144,156,60,176,156,60,208,156,60,240,156,80,132,156,92,80,156,92,112,156,92,144,156,92,176,156,92,208,156,92,240,156,112,132,156,124,80,156,124,112,156,124,144,156,124,176,156,124,208,156,124,240,156,144,132,156,156,80,156,156,112,156,156,144,156,156,176,156,156,208,156,156,240,156,176,132,156,188,80,156,188,112,156,188,144,156,188,176,156,188,208,156,188,240,156,208,132,156,220,80,156,220,112,156,220,144,156,220,176,156,220,208,156,220,240,156,240,132,156,252,80,156,252,112,156,252,144,156,252,176,156,252,208,156,252,240,176,132,132,188,60,80,188,60,112,188,60,144,188,60,176,188,60,208,188,60,240,188,80,132,188,92,80,188,92,112,188,92,144,188,92,176,188,92,208,188,92,240,188,112,132,188,124,80,188,124,112,188,124,144,188,124,176,188,124,208,188,124,240,188,144,132,188,156,80,188,156,112,188,156,144,188,156,176,188,156,208,188,156,240,188,176,132,188,188,80,188,188,112,188,188,144,188,188,176,188,188,208,188,188,240,188,208,132,188,220,80,188,220,112,188,220,144,188,220,176,188,220,208,220,238,240,192,193,194,142,140,140,48,48,206,0,158,94,0,252,158,158,94,94,252,0,158,252,158,94,252,252,63,
Smooth: 1
MultiColor: 0
BlendMC: 0
MultiColors: 
Power: 2
FractalType: 0
Slopes: 0
SlopePower: 50
SlopeRatio: 50
SlopeAngle: 45
imag: 1
real: 1
SeedR: 0
SeedI: 0
FactorAR: 1
FactorAI: 0
