Re: 0.152799479166667155236662
Im: -0.000141059027777400246564
Zoom: 2.04E3
Iterations: 20595
IterDiv: 1.000000
SmoothMethod: 0
ColorMethod: 0
ColorOffset: 0
Rotate: 0.000000
Ratio: 360.000000
Colors: 127,0,127,0,0,127,0,127,127,0,0,0,127,127,127,0,127,0,127,127,0,127,0,0,137,0,116,38,0,106,55,97,97,71,0,0,169,81,81,98,74,0,181,68,0,186,0,0,255,0,127,127,0,127,127,127,127,127,0,0,255,127,127,127,127,0,255,127,0,255,0,0,255,20,116,146,38,106,154,154,97,162,71,0,255,169,81,175,175,0,255,181,0,255,121,0,255,127,127,127,127,127,127,255,127,127,127,0,255,255,127,127,255,0,255,255,0,255,127,0,234,137,116,106,146,106,97,255,97,89,162,0,166,255,81,74,255,0,139,255,0,127,186,0,127,127,127,0,127,127,0,255,127,0,127,0,127,255,127,0,255,0,127,255,0,127,127,0,137,137,137,38,146,146,55,255,154,71,162,71,169,255,169,98,255,98,181,255,110,186,186,121,255,127,255,127,127,255,127,255,255,127,127,127,255,255,255,127,255,127,255,255,127,255,127,127,234,137,255,106,146,255,97,255,255,89,162,162,166,255,255,74,255,175,139,255,181,127,186,186,127,127,255,0,127,255,0,255,255,0,127,127,127,255,255,0,255,127,127,255,127,127,127,127,116,116,255,0,106,255,0,197,255,0,89,162,81,166,255,0,152,175,68,139,181,62,62,186,127,0,255,0,0,255,0,127,255,0,0,127,127,127,255,0,127,127,127,127,127,127,0,127,137,0,255,38,0,255,55,97,255,71,0,162,169,81,255,98,74,175,181,68,181,186,0,186,255,0,255,127,0,255,127,127,255,127,0,127,255,127,255,127,127,127,255,127,127,255,0,127,234,0,234,106,0,215,97,97,197,89,0,89,166,81,166,74,74,74,139,68,68,127,0,62,
Smooth: 1
MultiColor: 0
BlendMC: 0
MultiColors: 
Power: 3
FractalType: 43
Slopes: 0
SlopePower: 10000
SlopeRatio: 62
SlopeAngle: 45
imag: 1
real: 1
SeedR: 0
SeedI: 0
FactorAR: 2.375
FactorAI: 0
