Re: 0.00000000000000000000000
Im: 0.00000000000000000000000
Zoom: 1.0000000000000000E0
Iterations: 76296
IterDiv: 1
SmoothMethod: 2
SmoothingMethod: 1
BailoutRadiusPreset: 2
BailoutRadiusCustom: 2
BailoutNormPreset: 1
BailoutNormCustom: 2
ColorMethod: 0
Differences: 0
ColorOffset: 0
ColorPhaseStrength: 1
Rotate: 0
Ratio: 360
Colors: 32,0,32,0,43,66,0,175,251,215,241,255,32,0,32,0,43,66,0,175,251,215,241,255,32,0,32,0,43,66,0,175,251,215,241,255,32,0,32,0,43,66,0,175,251,215,241,255,32,0,32,0,43,66,0,175,251,215,241,255,32,0,32,0,43,66,0,175,251,215,241,255,32,0,32,0,43,66,0,175,251,215,241,255,32,0,32,0,43,66,0,175,251,215,241,255,32,0,32,0,43,66,0,175,251,215,241,255,32,0,32,0,43,66,0,175,251,215,241,255,32,0,32,0,43,66,0,175,251,215,241,255,32,0,32,0,43,66,0,175,251,215,241,255,32,0,32,0,43,66,0,175,251,215,241,255,32,0,32,0,43,66,0,175,251,215,241,255,32,0,32,0,43,66,0,175,251,215,241,255,32,0,32,0,43,66,0,175,251,215,241,255,32,0,32,0,43,66,0,175,251,215,241,255,32,0,32,0,43,66,0,175,251,215,241,255,32,0,32,0,43,66,0,175,251,215,241,255,32,0,32,0,43,66,0,175,251,215,241,255,32,0,32,0,43,66,0,175,251,215,241,255,32,0,32,0,43,66,0,175,251,215,241,255,32,0,32,0,43,66,0,175,251,215,241,255,32,0,32,0,43,66,0,175,251,215,241,255,32,0,32,0,43,66,0,175,251,215,241,255,32,0,32,0,43,66,0,175,251,215,241,255,32,0,32,0,43,66,0,175,251,215,241,255,32,0,32,0,43,66,0,175,251,215,241,255,32,0,32,0,43,66,0,175,251,215,241,255,32,0,32,0,43,66,0,175,251,215,241,255,32,0,32,0,43,66,0,175,251,215,241,255,32,0,32,0,43,66,0,175,251,215,241,255,
InteriorColor: 0,0,0,
Smooth: 1
Flat: 0
MultiColor: 0
BlendMC: 0
MultiColors: 
Power: 2
FractalType: 3
Slopes: 0
SlopePower: 50
SlopeRatio: 50
SlopeAngle: 45
real: 1
imag: 1
SeedR: 0
SeedI: 0
FactorAR: 1
FactorAI: 0
Period: 13394
TextureEnabled: 0
TextureMerge: 1
TexturePower: 200
TextureRatio: 100
TextureFile: 
Version: 2
