Re: 0
Im: 0
Zoom: 1
Iterations: 7501
IterDiv: 1.000000
SmoothMethod: 1
ColorMethod: 0
ColorOffset: 0
Rotate: 0.000000
Ratio: 360.000000
Colors: 0,0,0,0,86,86,0,0,86,86,0,86,86,86,86,0,86,0,86,86,0,86,0,0,0,15,15,0,115,115,0,56,123,55,81,139,52,145,145,0,158,110,41,163,118,35,135,135,0,165,165,0,255,255,0,165,255,89,165,255,89,255,255,0,255,165,89,255,165,89,165,165,0,140,177,0,184,255,0,107,255,52,98,255,47,142,255,0,119,209,35,109,212,32,63,215,0,0,165,0,89,255,0,0,255,89,0,255,89,89,255,0,89,165,89,89,165,89,0,165,20,0,172,38,74,255,55,0,255,135,0,255,144,57,255,98,52,198,160,47,202,167,0,206,165,0,165,165,89,255,165,0,255,255,0,255,255,89,255,165,89,165,255,89,165,255,0,165,172,20,172,178,114,255,184,55,255,255,71,255,255,144,255,194,144,194,255,152,198,255,110,202,165,165,165,165,255,255,165,165,255,255,165,255,255,255,255,165,255,165,255,255,165,255,165,165,151,172,151,138,255,215,126,184,197,181,189,181,166,255,166,96,255,96,139,255,88,127,206,80,0,165,0,0,255,89,0,165,89,89,165,89,89,255,89,0,255,0,89,255,0,89,165,0,20,172,0,38,255,74,55,184,68,135,189,62,144,255,57,98,255,0,160,255,0,167,206,0,165,165,0,165,255,89,165,165,89,255,165,89,255,255,89,165,255,0,255,255,0,255,165,0,172,151,0,178,215,74,184,126,68,255,115,62,255,166,57,198,152,0,255,139,0,255,80,0,165,0,0,165,89,89,165,0,89,255,0,89,255,89,89,165,89,0,255,89,0,255,0,0,151,0,0,138,74,74,126,0,68,181,0,62,166,57,57,96,52,0,139,47,0,127,0,0,
Smooth: 0
MultiColor: 0
BlendMC: 0
MultiColors: 
Power: 2
FractalType: 6
Slopes: 0
SlopePower: 50
SlopeRatio: 50
SlopeAngle: 45
imag: 1
real: 1
SeedR: 0
SeedI: 0
FactorAR: 2.3625
FactorAI: 0
