Re: 0
Im: 0
Zoom: 1
Iterations: 7501
IterDiv: 1.000000
SmoothMethod: 0
ColorMethod: 0
ColorOffset: 0
Rotate: 0.000000
Ratio: 360.000000
Colors: 0,0,0,0,0,127,0,127,127,0,127,0,127,127,0,127,0,0,127,0,127,127,127,127,0,0,20,0,0,146,0,97,154,0,89,71,81,81,85,74,0,98,68,0,181,62,62,186,0,0,127,0,0,255,0,127,255,0,127,127,127,127,127,127,0,127,127,0,255,127,127,255,0,20,137,0,38,255,0,154,255,0,162,162,81,169,169,74,98,175,68,110,255,62,186,255,0,127,127,0,127,255,0,255,255,0,255,127,127,255,127,127,127,127,127,127,255,127,255,255,0,137,116,0,146,215,0,255,197,0,255,89,81,255,81,74,175,74,68,181,139,62,255,127,0,127,0,0,127,127,0,255,127,0,255,0,127,255,0,127,127,0,127,127,127,127,255,127,20,137,0,38,146,106,55,255,97,71,255,0,169,255,0,175,175,0,181,181,68,186,255,62,127,127,0,127,127,127,127,255,127,127,255,0,255,255,0,255,127,0,255,127,127,255,255,127,137,116,0,146,106,106,154,197,97,162,181,0,255,166,0,255,74,0,255,68,68,255,127,62,127,0,0,127,0,127,127,127,127,127,127,0,255,127,0,255,0,0,255,0,127,255,127,127,137,0,20,146,0,146,154,97,154,162,89,71,255,81,85,255,0,98,255,0,181,255,62,186,127,0,127,127,0,255,127,127,255,127,127,127,255,127,127,255,0,127,255,0,255,255,127,255,137,20,137,146,38,255,154,154,255,162,162,162,255,169,169,255,98,175,255,110,255,255,186,255,127,127,127,127,127,255,127,255,255,127,255,127,255,255,127,255,127,127,255,127,255,255,255,255,116,116,116,106,106,215,97,197,197,89,181,89,166,166,81,152,74,74,139,68,139,127,127,127,
Smooth: 1
MultiColor: 0
BlendMC: 0
MultiColors: 74	0	0,1	0	1,2	0	1,13	0	1,14	0	2,
Power: 4
FractalType: 45
Slopes: 0
SlopePower: 100
SlopeRatio: 50
SlopeAngle: 45
imag: 1
real: 1
SeedR: 0
SeedI: 0
FactorAR: 3
FactorAI: 0
