Re: -1.7686104930146770745031756532702265202396779075886654948376772575753046409788084752746357073624640442530143702899485385525088774647364158730529584228619327746701659942016434199348075002900561799063929098803742306016616719654366638745060063556841666930591896875443264825263374533263601636397728189937530217406329378401153809577664250929407204399119208123978804432412746162125263808715558465325021564398920263528316195877683367681863458675652518891036222678662230553668727573853224855536063029840116957497302007277402429496617909069814494389239488177959271019808949170815916105624065542446752060997995221864464278843147736269933479298102777908882020190358459738806378323352943682229579313547358789699385343030740322376183971873284367153917580396806678714617881517934122868945658732376104675721741056296534380054333918739586395081248838604269688015372707569985604343355743798536592211824223197634120225305454216647656035003982094445369084321368686489071889392389688538416597466867176175418284171731994483367734476455611028732303886322543173345661703793147185896109100790794361751341489456505534109999999999
Im: 0.001266613503868717702066411192242601576193940560471409817185010171762524792588903616691501346028502452530417599269384116816237002586460261272462170615382790262110756215389780859682964779212455295242650488799024701023353984576434859496345393442867544784349509799966996827374525729583822627564832207860235000491856039278975203253540119195661182532106440194050352510825207428197675168479460252154208762204074041030502712772770772439567249008997886131809082319952112293668096363959700371035596685905429248221153089843201890985651976151989928496969024027810874574434857210174914227391125217932725188214796457327981771026544613194033736960542354861910879704489564999937473456191049937984461971508132204319961501958583967780282332682705656745932852354591955251196335374396883193221988201865629549575259395090238463522557833659758739138043696167112257784649600743807944457388512639475417466113111928274012056049434349358618953361438127758918999578120953045365596358997480091072548929426951083179599722132179281125708039705266879359303320165515458347343055671220673027817611220892213570374041225632345999999999999
Zoom: 1E1086
Iterations: 600100
IterDiv: 1.000000
SmoothMethod: 0
ColorMethod: 0
Differences: 0
ColorOffset: 0
Rotate: 0.000000
Ratio: 381.176471
Colors: 0,0,0,41,35,190,132,225,108,214,174,82,144,73,241,241,187,233,235,179,166,219,60,135,12,62,153,36,94,13,28,6,183,71,222,179,18,77,200,67,187,139,166,31,3,90,125,9,56,37,31,93,212,203,252,150,245,69,59,19,13,137,10,28,219,174,50,32,154,80,238,64,120,54,253,18,73,50,246,158,125,73,220,173,79,20,242,68,64,102,208,107,196,48,183,50,59,161,34,246,34,145,157,225,139,31,218,176,202,153,2,185,114,157,73,44,128,126,197,153,213,233,128,178,234,201,204,83,191,103,214,191,20,214,126,45,220,142,102,131,239,87,73,97,255,105,143,97,205,209,30,157,156,22,114,114,230,29,240,132,79,74,119,2,215,232,57,44,83,203,201,18,30,51,116,158,12,244,213,212,159,212,164,89,126,53,207,50,34,244,204,207,211,144,45,72,211,143,117,230,217,29,42,229,192,247,43,120,129,135,68,14,95,80,0,212,97,141,190,123,5,21,7,59,51,130,31,24,112,146,218,100,84,206,177,133,62,105,21,248,70,106,4,150,115,14,217,22,47,103,104,212,247,74,74,208,87,104,118,250,22,187,17,173,174,36,136,121,254,82,219,37,67,229,60,244,69,211,216,40,206,11,245,197,96,89,61,151,39,138,89,118,45,208,194,201,205,104,212,73,106,121,37,8,97,64,20,177,59,106,165,17,40,193,140,214,169,11,135,151,140,47,241,21,29,154,149,193,155,225,192,126,233,168,154,167,134,194,181,84,191,154,231,217,35,209,85,144,56,40,209,217,108,161,102,94,78,225,48,156,254,217,113,159,226,165,226,12,155,180,71,101,56,42,70,137,169,130,121,122,118,120,194,99,
Smooth: 1
MultiColor: 0
BlendMC: 0
MultiColors: 
Power: 2
FractalType: 0
Slopes: 0
SlopePower: 50
SlopeRatio: 50
SlopeAngle: 45
imag: 1
real: 1
SeedR: 0
SeedI: 0
FactorAR: 1
FactorAI: 0
