Re: -1.76910833040747728089230624355777848356006391186234006507787883404189297159859080844234601990886820204375798539711744042815186207867460953613415842432757944592767829349335811233344529101414256593211862449597012320484442182435300186806636928772790198745922046142684209058217860629186666350353426119156588068800663472823306396040025965062872111452567447461778249159612483961826938045120616222919425540724435314735525341255820663672868054494834304368733487681716181154843412847462148699796875704432080579735378707932099259943340496912407404389999999999999999999998
Im: -0.00902068805707261760036093598494762011230558467412386688972791981712911000027307032573465274857726041164197728426795343558667918574806252145218561840172051237592827928284001732546143539590034733383167886737270960837393773203586137673223357330612418801177955434724672703229251690060990669896274784498860242840497701851849033318045752945025236339275315448898727818174162698044355889583608736485127229946909629832632750839622459160046934443901886226621505107842448159935017841941045354364042323342824193503392819832038805610324279071648713679999999999999999999998
Zoom: 4.00000000000E533
Iterations: 120000
IterDiv: 1
Colors: 0,0,0,54,21,223,129,12,198,0,0,0,128,250,161,221,68,170,211,187,139,118,207,229,240,217,51,80,41,0,0,0,0,43,33,95,238,85,23,98,127,23,178,42,150,202,249,123,119,236,127,255,255,255,125,19,195,73,35,190,36,65,48,0,102,166,193,80,178,77,102,201,0,0,0,46,112,142,182,43,179,82,252,221,76,185,121,149,218,48,239,217,87,25,78,172,
