Re: -0.749624497378761682078626204268361386845295278123640257544815714245582864796728016987502039767791356081486877471965951748581253882975777885730827532104698067397213779012974511726247624509405298147130483778736122972203130169470392874699999999999999989999999999999999999999499999999999999999980
Im: 0.034270108740460169451729515457494748680515346724391118531748547383705957729359301718429997787132227942154534366289982005919142082076326747807809784967848438076905104018293013090695421984135743924258851663672311920874163384970654955099999999999999990000000000000000000000000000000000000000000
Zoom: 5.00e227
Iterations: 1200000
IterDiv: 18.000000
SmoothMethod: 0
ColorMethod: 0
Differences: 0
ColorOffset: 0
Rotate: 0.000000
Ratio: 360.000000
Colors: 183,223,235,191,216,211,148,172,198,180,216,171,175,216,152,160,223,156,164,216,112,126,172,119,153,216,73,160,197,87,160,193,132,175,159,116,146,112,150,190,121,145,198,102,160,190,117,190,214,65,189,156,51,188,176,63,167,157,62,156,136,100,167,120,61,135,80,48,146,82,60,114,64,60,104,81,113,142,77,96,125,66,91,154,90,132,147,96,150,158,108,185,186,110,186,180,93,163,198,124,191,191,132,179,191,136,184,203,147,155,191,123,113,198,162,130,191,169,118,191,167,135,203,177,113,177,142,96,176,178,127,149,179,135,136,168,164,148,180,149,109,144,124,122,181,164,82,158,149,92,134,158,132,114,119,112,73,84,144,70,90,133,48,75,143,46,99,173,4,46,164,11,36,166,24,47,136,34,47,122,61,89,137,55,48,94,52,39,110,75,49,66,86,50,52,88,97,96,72,66,63,52,59,100,59,83,74,52,91,79,61,130,119,38,107,90,25,92,122,38,103,88,44,90,80,65,112,108,56,64,65,49,40,91,68,38,49,74,25,41,90,61,78,78,21,48,60,24,95,72,38,76,70,47,90,79,95,134,65,64,118,49,58,151,60,82,147,77,98,157,100,143,185,111,132,178,102,119,197,145,165,199,162,182,210,168,210,227,
Smooth: 1
MultiColor: 0
BlendMC: 0
MultiColors: 
Power: 2
FractalType: 0
Slopes: 0
SlopePower: 100
SlopeRatio: 50
SlopeAngle: 45
imag: 1
real: 1
SeedR: 0
SeedI: 0
FactorAR: 1
FactorAI: 0
